770 -38 -443 -885 921 60 130 -661 -455 -695 257 276 422 653 58 -773 -592 518 -974 -976 -613 772 -802 -695 -145 753 -965 -541 -467 -554 -604 -927 647 -196 916 -41 135 -236 445 132 -974 26 -247 -414 -1000 -127 -759 468 359 100 -646 613 732
-964 732 441 437 644 -980 67 217 931 244 -127 -652 -528 4 769 291 295 -325 635 -701 -495 915 585 630 -408 -930 530 -609 543 557 -216 -21 155 206 13 -6 894 523 551 451 383 873 502 970
-51 -810 -845 42 -341 944 636 357 -502 -798 68 70 707 891 529 -337 -570 -237 -318 -327 -871 594 31 -903 320 193 273 -152 -670 -404 447 633 -770 -311 -422 -713 -386 -448 -173 561 -550 523 -63 -695 136 991 -931 623 935 637 103 -171
-929 699 267 899 -5 -541 -849 -108 -548 636 515 866 -899 109 -349 -954 691 -52 421 579 -373 -864 -796 205 501 896 -361
-35 -752 22 -848 53 861 377 -795 353 -720 -870 726 -300 376 -866 -938 -313 15 170 235 -370 -49 -176 -306 141 -493 949 621 208 23 -820 -699 -173 657 436 775 286 -635 -5 326 -259 384 886 962 237 -646 -792 -702 514 -920 471 683 -862 -198 -85 723 668 -202 105 -121 921 -894
62 -878 889 168 -997 660 -744 -654 527 -729 121 136 55 -572 572 -298 55 263 -258 237 49 729 317 -289 816 -485
-794 -954 24 658 851 167 -472 -168 758 -956 771 541 -11 525 -817 -554 -592 -64 838 104 -613 -771 -885 -584 732 816 -703 283 913 179 85 -418 -217 -209 -774 889 965 772 989 272 -344 647 167 194 807 334 151 42 -635 -794 -509 -587 -811 -445 -370 320 463 -890 -876 532 -626 760 111 -68 565 348 369 391 110 -526 858 -85 619 -2 -600
54 -833 738 -887 -94 -540 -86 204 -528 679 -977 -542 -422 586 -213 -107 412 831 -416 962 -631 606 70 877 -637 -466 733 988 -427 683 918 601 -618 705 -126 -999 -766 -140 690 -349 -357 474 -422 -587 111 -57 777 -41 -304 883 687 -936 461 206 -638 63 804 -38 -185 -635 -790 120 -172 555 395 -999 152 -93 -775 -991
588 678 708 -76 488 682 359 937 -522 36 -853 -105 751 737 -741 -915 894 552 -4 -823 430 900 -294 -876 509 239 -394 -51 -661 932 913 -785 -142 -430 896 -739 406 806
-303 -662 -2 -610 631 -988 -714 -928 -970 606 721 915 750 302 -364 -950 -433 745 -50 659 421 559 -991 446 720 201 11 959 -748 787 -130 391 770 326
410 -498 899 725 -833 -622 836 388 516 -253 583 137 -78 940 776 -705 -12 931 -34 -368 267 268 257 176 -213 356 -474 -485 333 361 812 -885 374 828 -724 365 396 -389 268 -6 263 -65 -615 -475 576 -791 280 -447 391
890 716 -359 -45 347 557 -983 -916 -896 -503 -728 -813 -462 190 148 -312 324 311 600 441 369 -155 695 192 -656 -308 174 936 98 446 392 112 -873 -993 -841 -164 22 634 378 -367 -27 -369 731 -478 -886 -878 717 -404 -499 -706 881 652 340 70 384 272
649 -758 54 2 158 -108 -998 607 -968 325 -623 -101 115 -742 -784 -43 -604 954 87 920 374 751 315 369 -440 217 308 -1000 -876 809 303 -967 817 -475 999 -672 590 368 776 549 -13 820 -383 -297 -463 -641 -830 971 998 932 169
-967 -60 -418 -60 -505 -307 896 -377 227 -296 209 -419 -302 -183 -248 -518 628 141 -978 -999 -678 -113 142 550 52 549 -52 110 433 806 -802 -308 -393 598 659 -19 -206 -959 -198 798 -170 966 243 -481 -264 119 -138 -418 399 429 0 -709 -578 -170 -998 186 -159 386 -645 153 -664 154 318 214 222 95 258 -397
-342 -329 408 -617 -873 -87 -489 -733 63 422 802 -483 345 830 -816 616 56 -666 -869 -300 -819 -952 53 983 -34 612 11 304 -4 428 -168 -134 194 -480 -875 16 760 989 -437 998 -561 -480 -494 452 -683 -78 -565 830 -799 100 -461 558 -506 694 -938 336 -660 394 -432 -114 867 370 -438 -983 339 -482 196
-840 424 -528 -336 -890 -57 510 931 395 794 -749 725 -842 667 805 -124 166 491 -956 -326 704 -20 13 -735 984 642 969 -208 543 320 923 -890 937 901 308 -378 -187 530 -67 -603 -894 402 -202 393 -173 83 221 96 -354 711 124 615 220
-308 -461 -524 -911 -294 -473 -205 -295 940 -768 996 756 721 -210 295 -657 -962 942 -850 -541 -165 -154 -783 292 422 -122 -491 -220 75 -865 119
-986 172 257 521 -829 998 -419 -836 -881 -958 -980 -387 -491 732 706 -79 -982 550 -847 -316 306 230 -400 921 573 638 -752 -474 -475 -953 284 56 -305 670 -251 -755 143 496 185 17 191 -154 -324 116 -705 695 -318 99 -166 -163 807 -681
505 -263 59 376 401 241 -439 903 600 -685 -487 669 682 -984 -803 137 -578 125 989 529 696 -181 51 -601 -550 564 752 656 -510 -516 450 172 396 330 976 302 909 -371 567 777 451 -164 -901 976 -204 752 -337 -770 501 -916 183 -808 -565 249 -497 561 -532 337 824 -86 -479
725 -780 -560 313 818 -591 882 -571 -478 -81 623 -725 -803 81 82 -828 -468 -694 72 663 -15 -942 890 245 224 308 -630 -391 421 650 -450 -977 -244 583 -253 -400 -476 204 942 -191 154 -171 175 930 219 702 -244 -289 494 33 -241 202 521 -770 -517 -616 169 -537
543 -96 -415 804 190 -231 183 496 -725 -98 127 57 144 -529 111 -269 -995 -344 -413 -432 545 -182 221 -78 -688 -808 -588 -179 50 226 1 330 85 465 -462 348 -954 -337 -452 569 184 232 -964
566 420 -791 302 914 -547 510 -387 742 -564 -126 -853 -330 -39 306 -769 504 -694 -140 687 423 -361 -18 488 152 -458 524 258 -380 476 169 -508 -283 -911 -731 -417 119 -515 761 -142 498 -732
375 -618 -286 772 50 347 -874 422 -775 914 -539 839 412 -388 766 624 682 -384 -361 -331 307 -389 739 -598 -777 -427 64 211 -9 -459 -48 -684 948 -213 859 -171 -550 105 582 -594 254 -739 94 263 351 679 -600 -953 -585 -399 2 -241 -307 -388 978 96 -573 -30 -479 -864 -532 632 -359 80 -252 343 758 -160 -191 -798 -979 441
-609 672 563 -501 -813 -621 -610 -841 63 333 -439 -134 -664 -593 -178 -661 -980 -713 216 290 62 -608 -903 659 -469 587 -779 773 341 -286 -114 -493 -304 -34 79 835 -252 -829 681 -787 -664 381 155 -552 676 -273 160 680 -52 884 -552 -186 -973 -2 -790 -617 -777 528 290 -308 -383 -889 823 493 -340 -64 587 37 154 -622 998 583 46
-925 57 325 -31 -435 -176 -186 370 -943 226 800 34 676 -682 766 904 447 -422 -640 -302 -591 -115 -131 789 731 866 -20 -853 561 462 -566 -582 -771 -728 -272 84 -66 616 743 997 467 39 -632 -483 -712 -404 -748 637 -641 -544 584 566 -466 712 723 530 -696 233 -297 536 -797 -905 -654 -508 -270 39 146 -370 -110 -245 731 131 -227 713 -949
-365 890 -139 827 124 -730 -387 127 -293 -643 841 713 -744 922 957 827 367 -762 -279 -137 -809 955 -224 -768 -831 675
-321 479 509 -134 445 182 -625 -991 953 180 -35 488 460 -219 -348 -262 -452 570 996 950 -772 -152 -909 905 874 -244 -343
348 -424 485 500 -987 -225 -396 -921 266 -118 -400 882 -18 425 -692 -581 654 -613 -741 -600 599 -580 -786 397 -546 87 589 -306 -377 701 132 -351 58 992 -247 353 -840 639 643 323 -985 -869 831 -334 414 -111 336 274 -894 -552 -261 -322 126 937 -268 -304 999 -781 -443
14 -610 486 -20 982 -670 422 562 -45 -481 255 -46 195 -807 641 -343 840 -648 887 92 -783 -814 -590 -540 -926 -490 120 -880
-327 989 -398 963 -607 -851 824 432 -805 475 672 -171 200 -294 309 26 151 -640 -348 324 -568 204 -854 -29 -852 331 616 -464 -888 538 -897 987 -766 -31 63 185 596 -544 -629 -791 -331 -621 -274 427 -376 736 932 -698 -838 -752 33 273 -419 -368
-97 -635 263 989 -287 981 130 -886 576 -638 377 852 298 -124 485 881 -173 -624 17 -821 641 842 820 -235 -58 472 -325 -943 -41 62 473 725 -743 -499 -114 -450 672 -350 -61 -819 670 -986 8 348 220 708 992 -625 99
132 -374 997 -116 272 -93 -139 797 117 -541 954 -297 -886 724 -982 -710 290 581 132 745 342 -587 -338 40 -763 131 242 193 231 -574 256 -212 -466 7 -905 -616 957 177 -274 -872 698 -200 659 188 52 444 876 835 888 -650 853 -227 528 731 -324 284 243 -701 -46 87 609 -384 946 282 -491 -762 -254 939 205 478 -334
643 -631 -545 -592 -190 -160 881 481 -309 108 -987 -312 278 -517 856 280 772 290 -484 -356 -699 -475 -978 320 -491 117 887 -632 686 282 -620 -800 -661 965 -31 900 -768 -305 82 706 577 -11 411 -791 -572 -530 -726 -873 -304 697 -556
-975 727 605 140 -422 -15 741 -926 -408 483 136 171 541 -842 -674 -351 431 -110 734 8 -634 -46 -825 967 866 378 363 328 -774 -811 -231 64 563 -618 866 122 -244 -522 -670 665 -751 653 845 660 82 -121 -538 -119 -944 -702 -558 -742 -119 -556 -824 -212 -725 142 -31 -259 -824 -79
-16 830 218 821 983 331 781 -591 867 -992 -667 947 -844 844 926 705 -355 123 562 267 393 970 331 -757 -568 60 -395 612 -190 124 507 487 983 273 253 49 -378 638 588 623 -685 535 -362 957 -400 302 -182 -181 963 169 214 -459 296 -653 435 -575 293 725 -44 456 -562 630 808 711 -943 950 -929 -997 208 -623
315 -208 -303 -138 44 442 -110 967 693 -47 -751 511 -577 428 -668 -496 678 475 687 -756 -226 -713 -352 804 -632 793 35 206 510 -897 142 -21 32 -363 721 378 -628 732 -870 -544 64 -944 41 423 -196 -891 -886 -347 -8 -416
746 -32 380 314 719 -177 349 -692 -82 422 324 361 431 -446 993 649 914 -351 892 20 -792 376 681 -308 536 825 56 790 -710 473 834 635 354 211 -64 -551 281 -794 -143 442 458 619 618
789 197 444 -299 -996 260 -98 128 446 -272 655 -609 878 25 430 548 -604 600 -286 -533 248 26 588 -266 -206 774 -345 -401 635 -611 107 584 768 674 -340 -728 698 747 879 181 -119
-82 488 641 360 -789 -531 -725 -399 634 763 -316 820 734 28 -473 -466 -680 929 265 -901 690 181 -226 -775 -907 -552 365 -34 384 -301 849 -945 2 -893 -308 -44 895 762 -202 -129
-212 384 433 319 -769 -612 51 115 415 -582 717 -524 6 855 797 790 -125 0 806 -921 926 603 -696 -865 83 -234 -534 257 932 881 129 293 465 435 263 -627 -122 -573 425 385 679 722 444 495 -853 724 268 -312 284 -93 903 885 813 697 689 -388 724 716 -605 -18 86 -77 -7
681 832 -552 267 -632 23 506 552 3 390 662 -342 173 922 -540 438 705 -205 603 887 -272 -121 -180 545 -536 -648 -844 536 -80 -613 -71
543 -555 -315 -488 -192 469 357 -871 498 -286 -591 164 626 -130 397 -789 922 157 -246 994 667 228 -594 -362 -429 653 862 831 426 288 55 725 829 -615 632 -936 -741 295 -711 -120 -358 133 -301 -650 821 -315 991 642 288 298 -599 -645 -978 -227 964 657 15 -759 679 589 -46 915 -28 -439 878 -218 -967 146 -836 -398
-769 -72 320 -841 -965 17 798 -430 541 -693 -130 -543 510 463 -801 -245 -715 -127 878 165 -180 -3 866 351 246 -489 -362 -73 -10 -872 -596 892 24 34 539 -432 -382 -468 435 -125 661 -329 170 -481 226 -904 -486 934 -358 904 -299 -173 -177 970 708 -327 686 806 -354 -409 -280 980 939 998
-753 -828 -411 85 16 724 424 803 -545 770 -244 -926 106 -910 -960 447 -60 776 925 -958 -853 -465 -684 -89 -493 380 438 -331 -368 39 -642 -361 617 811 304 -666 54 753 -318 -376 -406 869 -431 -781 -133 -738 383 -372 -368 921 -275 -767 -221 -364 -607 826 97 -863 253 407 -692 592 -169
-196 509 967 -988 461 536 -382 -210 980 883 -821 -584 -428 598 995 -140 -791 -468 -660 -786 537 254 885 -213 896 -913 -705 971 -504 -222 742 562 167 -295 -517 890 -898 440 837 -367 -752 -539 738 226 943 796 13 993 729 -275 436 -637 -412 967 437 151 -723 125 -907 -722 -981 477 209 103 -487 223 -504
-847 211 422 995 878 -255 425 -979 -917 -193 -63 -343 -723 -841 28 135 -663 573 176 -504 814 810 398 -390 -455 -969 33 -231 211 -694 -212 -428 -494 -663 540 -185 432 -593 646 819 -229 617 644 527 -228
149 240 -935 533 -347 -101 891 -408 -989 -185 -844 335 -699 538 667 477 139 -932 841 229 606 -566 -67 -6 794 -474 -885 457 -697 836 982 853 -436 -226 -270 271 687 201 -298 -138 366 -539 -849 -637 -815 325 -766 5
744 -181 -995 738 858 -386 -684 837 868 658 -611 -426 81 -217 -115 -83 337 923 189 405 -690 -588 409 101 -74 996 23 -158 417 393 -632 191 596 -543 839 -424
-88 -436 -441 -725 -64 -871 80 486 993 -384 -181 -411 326 -146 1 -528 129 560 18 215 292 -124 714 -672 -580 957 -846 676 289 881 183 738 -686 805 -628
-967 -341 -115 -360 -810 508 889 -620 -568 640 852 -796 247 105 -146 -836 457 585 222 -165 314 -650 639 -639 -885 543 -110 125 320 -297 93 -794 -10 245 312 564
724 62 -591 -165 485 -628 246 -678 22 500 -104 197 -188 451 -638 -122 633 548 964 -844 -779 197 33 -721 -121 -681 -953 480 69 -540 -38 663 -371 -131 -95 580 660 698 981 950 -433 -217 -378 -479 -491 112 -815 487 -648 -713 -367 -122 218 -858 721 -334 -428 -310 339 -718 503 -446 -477 782 709 -523 -843 622 -571 179 -636 219 792 -886 19
20 -703 -232 310 -419 308 -885 -172 -206 -737 960 787 905 133 -285 956 -452 -674 276 -50 -861 -661 -468 -493 -410 -171 -346 -254 684 -678
-509 249 -212 -76 -222 939 50 433 709 369 294 487 -524 -349 603 -911 801 -185 -816 -903 -370 -854 -324 563 -110 -690 927 818 -437 637 786 -687
-998 670 858 -817 429 -537 -484 590 987 799 -843 65 -266 -528 499 -129 531 300 899 339 831 -15 152 392 856 -518 -509 535 -193 -342 839 809 -11 995 -842
-282 995 -171 -605 363 373 696 823 862 -563 978 22 747 -678 594 490 783 -705 971 -781 302 243 -989 720 -763 -340 729 -980 -777 -800 -335 -349 -192 -980 -701 -429
-995 409 -540 502 -632 857 746 493 -583 1 -108 272 390 585 -944 491 269 394 -897 952 -787 835 293 765 -490 840 -687 905 946 -743 907 -303 -977 -617 286 -67 387 976 887 931 -926 310 -227 757 555 624 680 -661 -779 705 -537 -961 490 76 -477 -308 148 540 -452 89 -961 390 -672 -221 699 -284
320 -908 -241 510 -118 -911 409 -976 -165 -934 125 -915 -346 805 728 -888 702 -754 -842 727 788 265 438 360 -344 -820 396 680 211 317 402 18 -524 -297 971 47 549 -905 881 -352 33 929 -824 410 128 -572 711 548 -299 -955 -100 39 865 55 -694 331 -936 648 -154 -991 256 -565 962 -652 74 -758 13 464 -2 -874 -67 -685 634
-890 -161 -578 -281 -830 -360 -274 917 931 -559 857 451 459 -467 976 570 500 553 -954 -419 643 -377 -435 303 -609 815 -387 -355 887 211 -819 979 652 -807 -819 364 -34 930 -773 411 264 -355 979 672 -551 -482 -657 816 -144
-840 495 -958 704 -876 -594 885 47 -661 427 469 -827 -295 -254 -612 -931 -829 -74 -82 -917 -163 -13 -641 -717 991 892 -842 341 536 856 382 552 -547 -305 710 13 -736 394 931 -335 -624 23 -242 -497 -819 -421 913 -551 16 558 848 -745 929 -550 527 -853 -645 -709 762 334 66 -787 -264 664 -424 -966 266 -693 756 -881 -365 361
-100 221 129 873 -79 -146 703 859 -997 -682 761 520 -937 23 -25 -111 -842 837 573 325 935 492 -845 -297 -226 992 525 257 -879 671 281 497 -532 105 -525 281 775 607 -347 436 641 -697 442 -994 70 -416 303 279 -74 248 764 512 987 -191 -89 486 -723 289 973
-163 759 -762 588 590 -367 612 672 -99 -386 -820 -512 29 100 515 -996 914 -772 -785 -771 -479 303 -690 31 -458 755 233 884 -566 -524 436 39 -804 -992 -940 -714 846 -220 -895 -830 -228 -225 -958 -957 452 932 558 953 50 974 797 -479 809 96 672 591 49 -639 413 -197 -597 -843 474 344 642 -697 457 -907 -676 -816 -37 -924
-959 -744 -859 -788 89 -750 -99 183 -883 3 234 -479 -442 -682 816 148 -582 -646 -484 -606 -232 -922 529 300 -771 242 11 452 783 383 597 -220 -195 -976 -19 764 -612 517 -640 -80 360 -548 951 314 724 -979 938 -7 741
-800 -941 -395 275 -741 -130 561 -226 -424 872 9 -525 -765 343 -144 -813 47 200 527 -496 -776 -547 -420 635 381
413 331 -433 544 13 -923 -569 -919 -372 753 -167 -542 253 870 -813 998 45 217 -979 902 153 120 -773 -966 -139
-186 295 -382 818 -296 466 -724 140 -98 -91 -751 -871 70 720 -431 9 49 -646 -83 381 525 -431 -394 582 -693 882 527 -149 -102 996 821 438 -28 479 -382 -35 567 -806 -671 -194 -481 -291 427 -192 159 295 -512 630 701 -253 266 643 593
-183 -574 -110 -952 922 -888 530 -13 19 906 -15 -45 174 655 342 -614 698 665 -517 519 -972 800 613 829 -640 417 954 50 -212 -598 264 225 483 839 -888 -282 637 315 396 -891 -269 -439 555 954 554 5 451 402 -284 -555 -524 272 -581 -353 -496 119 482 -277 -996 -75 -322 -854