-806 -93 N/A 640 -311 -766 663 -807 949 463 309 N/A 936 -238 995 N/A 68 557 N/A 577 N/A 950 -73 886 727 742 -166 -412 -476 N/A -406 -303 781 722 -531 64 N/A 947 N/A -316 N/A -381 N/A -952 N/A 443 N/A 451 -685 N/A 248 598 890 -675 671
-351 -48 N/A -542 815 N/A 216 465 N/A 413 N/A 162 -830 -158 -575 -921 N/A -118 924 -769 -704 665 N/A -990 -389
157 -684 886 N/A 830 N/A -780 -849 565 N/A -853 N/A -209 663 989 940 599 N/A -480 N/A -621 -169 -500 -539 N/A 631 -831 633 -104 N/A 373 N/A -424 847 -705 73 N/A 783 -818 965 -784 N/A 299 48 -357 N/A -856 -852 711 N/A -629 -958 -686
-915 840 N/A 11 N/A -543 N/A 639 -79 305 N/A -210 N/A 462 465 -951 N/A 870 -723 -298 N/A 267 -680 357 -319 230 -389 429 855 897 166 630 885 N/A -220 N/A -759 N/A -91 N/A 769 353 N/A 431 -583 659 175 749 767 698 -97
-557 419 N/A 255 542 N/A 799 -691 N/A -433 N/A 323 678 144 -367 N/A -535 N/A 643 314 -456 -852 N/A 769 741 -877 561 N/A 998 439 81 235 317 -71
215 -273 N/A 777 -361 -631 802 695 N/A -493 259 -471 730 N/A -760 -711 555 N/A -513 213 N/A -17 N/A 773 N/A 261 -12 545 -59 -764 351 557 N/A -691 N/A -135
-292 -457 -265 -582 -548 546 N/A 184 N/A -514 759 -964 992 221 N/A 279 N/A 561 -158 511 N/A -213 112 -477 -866 N/A -738 N/A 594 -919 162 N/A -806 -820 578 -530 N/A 536 N/A 416 727 N/A -408 N/A -273 -422 N/A 929 897 596 -764 N/A 499 -374 -329 966 N/A -721 715 717 988 216 -881 166 714 N/A -626 N/A 703 -924
686 -687 -490 N/A 950 N/A -619 -575 N/A 895 N/A -355 -952 N/A 316 765 68 -292 564 -792 -777 -561 894 N/A 41 N/A -304 -363 370 N/A 436 6 N/A -111 N/A -505 -402 N/A -743 314 535 -273 812 N/A 345 943 -357 N/A -430 N/A -383 780 36 -833 -107 241 -997 -56 -479 N/A -748 -114
-55 480 575 230 N/A 320 -371 N/A -236 -984 -737 953 232 N/A -112 871 -238 N/A 993 N/A 171 -454 N/A -614 357 530 N/A -530 -209 563 -569 -940 533 -751 N/A 875 N/A -638 -459 857 N/A -386 -224 N/A -422 -369 448 N/A -701 343 N/A 594 -86 382 229 957 N/A 209 N/A -171
-532 -615 522 N/A -707 497 410 N/A 125 -444 -412 174 289 521 N/A 915 198 141 482 N/A 541 N/A -921 N/A 84 N/A -269 188 -717 -728 N/A -372 N/A -146 -129 -640 -15 N/A 798 -716
538 N/A 160 92 N/A -662 -105 N/A 127 -144 552 873 -170 987 N/A -708 -668 N/A 989 N/A -357 -50 N/A 742 -496 812 N/A 778 N/A -503 94 N/A -817 -119 988 56 30 -809 -27 653 880 881 -796 N/A -827 -729 590 N/A -988
-774 -860 N/A 610 255 N/A 257 N/A 629 N/A 180 268 -601 -243 -433 -146 N/A 666 177 -196 588 N/A -574 -609 -789 -437 N/A 952 -413 N/A -150 -857 138 -63 -61 -483 N/A -661 -454 389 N/A 293 N/A 47 775 N/A 576 N/A -255 -305 N/A 552 -530 -840 N/A -57 N/A 187 107 325 783 948 68 629
-780 247 -410 -996 N/A -603 N/A -310 -727 -120 -631 N/A -601 -534 -465 547 -996 475 571 N/A 641 N/A 615 N/A 617 -381 903 N/A -21 173 N/A -669 -529 N/A 637 -332
-842 353 -981 167 599 -462 711 520 -652 N/A -536 -173 N/A -192 N/A -702 N/A -930 -927 -965 N/A 948 226 206 N/A 270 N/A 74 -763 810 -878
-114 584 -361 -599 651 N/A -983 N/A -455 -448 455 -369 N/A 110 -746 N/A -698 502 -874 393 N/A 519 472 N/A 302 N/A -846 173 880 N/A 963 N/A -536 -720 N/A 218 -676 -918 43 N/A 522 827 -300 N/A -441 725 25 291 N/A 258 -602 234
401 846 35 N/A 840 395 -681 N/A 819 -81 746 N/A -807 -597 -784 784 -428 N/A -227 800 241 -542 962 949 148 N/A -999 N/A 808 N/A 387 18 N/A -692 N/A 236 979 216 -590 258 N/A 226 20 N/A 680 810 N/A -267 N/A -36 377 N/A -210 -711 296 N/A -61 N/A -82 -307 -391 N/A -337 789 -204 -824 -472 -474 939 191 80
-496 N/A 422 N/A -581 -532 N/A 319 -300 N/A 396 -110 N/A 87 -472 972 447 -406 N/A -940 488 745 -705 67 645
-215 998 334 -62 -196 964 818 -308 970 N/A 57 -679 -52 N/A 889 N/A -896 -598 N/A 907 N/A -315 -783 -795 -563 -731 N/A -258 575 N/A -277 N/A -15 651 465 732 -831 804 N/A 259 N/A 30 N/A -904 -31 -894 N/A -967 -272 N/A -28 223 -452 155
-87 935 -900 -30 -763 675 713 -218 145 N/A 150 -294 61 N/A -334 47 -331 N/A -983 22 264 N/A 603 -963 N/A -232 N/A -591 N/A 886 N/A -473 -424 -45 419 N/A -312 791 -940 N/A 125 31
-472 -435 N/A 695 434 N/A -786 -956 449 N/A -436 -179 -11 -47 923 N/A -920 N/A -60 -675 N/A 761 755 -686 861 358 N/A -901 -15 N/A 285 157
-852 -250 -289 337 881 316 272 -927 451 N/A -499 N/A 189 -128 N/A -91 -105 656 -683 N/A 975 -46 625 155 -138 N/A 738 -3 -843 N/A 172 N/A -378 N/A -637
719 -375 -463 N/A 171 796 -638 -714 N/A 77 -223 -248 N/A 79 N/A -469 915 N/A -401 -899 -59 N/A 672 N/A 162 -393 -66 -55 -879 -190 N/A -142 N/A 816 N/A 727 -76 N/A 789 804 N/A -898 143 -557 88 138 -777 -835 -359 N/A -157 -383 -640 -874
557 -464 N/A -71 -141 922 N/A 565 N/A 776 -584 887 -207 N/A 731 N/A 540 -440 -174 994 N/A 540 -331 N/A -499 -385 N/A -658 -216 N/A -367 410 -505 -510 894 N/A -278 436 938 -217 N/A 958 -311 -865 793 -99 628 N/A -325 218 -338 -690 -640 630 N/A 757 N/A -264
-976 N/A 598 N/A 266 -214 -966 -409 541 N/A 638 -627 -760 514 588 N/A -223 26 354 N/A 394 184 -257 998 N/A -475 N/A -859 N/A -761 275 N/A 772 N/A -913 N/A 894 298 N/A -531 -568 -539 942 N/A -163 -91 225 -146 -77 N/A 105 N/A 905 -459 289 179 739 -872 -992 -838
-838 N/A -54 N/A 237 N/A -112 -154 -536 477 N/A -84 821 -963 N/A -821 N/A 151 527 300 -52 N/A 310 821 -135 618 -599 N/A 768 267 995 -344 393 739 206 N/A 546 949 N/A -978 309 -202 N/A 937 811 N/A -154 -956 N/A 807 -773 -514 N/A 128 329 -572 -609 -454 264 N/A -716 N/A -722 -164 -233
238 -435 -622 -263 218 N/A -721 793 304 N/A -216 617 -774 -390 N/A -423 719 N/A 921 15 -370 868 N/A 410 N/A 372 -89
-796 997 N/A 911 580 -398 N/A 262 N/A -371 -602 N/A 545 681 657 460 N/A -8 N/A 219 N/A -511 -634 313 N/A -191 -53 825 887 -588 -90 500 -774 -952 271 -447 N/A -86 373 N/A -153 N/A 719 -792 113 N/A 72 323 -990 N/A -132 892 N/A 63 256 533 -602 720 456 N/A 262 -953 N/A -531 -892 N/A -913 348
398 -524 675 4 N/A -169 349 999 -932 -76 -358 883 -79 -964 N/A -482 N/A -201 434 N/A 554 -864 -254 N/A 938 N/A -158 203 -726 N/A -553 228 N/A -409 -278 N/A 80 N/A 679 -456 N/A -684 N/A 848 -24 -420 91 -588 N/A 376 642 N/A -539 810 -830 957 -720 -286 N/A 456
799 N/A 581 -994 N/A -735 -504 N/A 776 -73 871 N/A 486 -736 876 171 808 N/A -7 737 N/A -766 -779 N/A -783 -141 884 -672 N/A -619 N/A 140 N/A -402 -428 -949 N/A 297 N/A 291 -458 220 -890 209 729 -507 N/A 388 -68 870 -195 688 N/A -732 884 622 -418 N/A -874 19 846 -136 N/A -484 -764 571
-118 N/A -473 230 866 453 -302 -91 815 -247 N/A -8 N/A -964 830 N/A 479 -790 367 N/A -567 7 -614 N/A -871 -556 N/A 178 290 N/A 223 -138 633
450 -812 -918 -600 -238 N/A 811 440 N/A -390 -124 156 N/A -767 766 542 N/A 192 82 -731 -460 N/A 660 -976 412 N/A -544 -505 879 195 -309 N/A -537 -498 -616 N/A -133 -196 738 N/A 845 N/A -496 -753 N/A -59 N/A -628 11 -968 -546 N/A 546 932 -584 568 N/A 975 N/A -455 N/A -773 N/A 865 114 -510 258 -970 -233 7
747 N/A 564 -929 -843 450 -642 -363 447 N/A 112 334 N/A 707 285 N/A 954 719 -114 899 -200 N/A -369 -869 235 N/A 133 -636 639 N/A -881 -983 755 569 787 794 606 N/A -107 -55 -117 N/A 418 N/A 55 839 -605 266 N/A -354 -666 266 N/A -300 N/A -88 714 -263 N/A 733 N/A -664 N/A 315 -591
-954 381 504 672 N/A -243 N/A -620 N/A -700 -200 N/A -320 N/A 450 -449 -110 -78 N/A -770 -517 N/A -873 792 -50 -800 757 -183 -887 -793 -463 N/A 799 -687 27 -353 -110 -7 N/A -569 -3 N/A -809 9 N/A -215 N/A 796 -343 -525 N/A -403 N/A 429 332 N/A 671 -218 -316 N/A 965 215 725 -135
187 -160 -233 -693 497 328 N/A -554 -419 -732 N/A -358 543 -534 N/A -797 N/A -46 907 -488 -155 N/A -333 N/A -309 277 -858 30 596 -96 N/A 91 -60 N/A 23 664 174 -633 -717 N/A 398 -247 -153 79 N/A 419 631 620 N/A -950 -794 N/A 972 N/A -972 N/A 676 139 N/A -117 N/A 737 75 N/A 572 -45 406 -133 -313
-182 434 144 N/A -242 769 N/A -283 112 86 -227 -858 330 N/A -442 -260 827 531 -779 N/A -108 N/A 464 N/A -786 372 N/A 385 -820 15 340 N/A 415 -99 N/A -799 N/A -591 742 455 845 -411 N/A -168 -364
194 -38 N/A -133 -100 -337 318 950 15 N/A -409 945 -954 N/A -739 N/A 98 -613 N/A -306 318 35 N/A 189 -706 -600 N/A -6 N/A 519 949 212 630 -882
43 N/A -915 -414 N/A -830 621 N/A -23 156 -198 -273 712 -317 -115 -977 N/A 719 -894 846 684 N/A 150 -638 N/A 591 N/A 71 291 113 597 392 N/A -907 -46 309 N/A 167 -207 289 -490 N/A 346 N/A 68 644 417 N/A -779 -72
-452 N/A 930 360 N/A 291 571 N/A 11 440 25 535 -731 -385 462 N/A 997 547 543 N/A 662 -850 N/A -351 909 N/A -242 694 901 41 -625 -740 N/A 456 -507 775 405 -787 N/A -452 N/A -949
85 -398 -314 N/A 344 962 N/A -910 N/A 241 35 763 391 N/A -41 253 -639 476 -347 566 141 N/A -236 N/A -296 778 885 N/A 963 173 N/A 943 -360 N/A -647 378 110 N/A 707 N/A -41 N/A -471 573 N/A -731 109 N/A -63 540 381 N/A 262 -481 -975 -482 106 854 -591 -229 -242 N/A 411 -713 827 632 N/A 266 N/A 425 139 87 -475
18 N/A 221 -248 -187 -598 N/A 402 856 -285 173 N/A 775 394 468 N/A -404 -872 -536 N/A 672 825 255 -394 N/A -344 -5 N/A 320 421 813 812 126 N/A -159 N/A 137 N/A -742 N/A 814 156 499 368
-383 46 257 -815 179 -463 N/A 740 -388 229 N/A 131 N/A 274 923 35 N/A -255 785 N/A 962 -746 788 N/A -775 -271 871 -713 N/A 463 -999 N/A -155 -461 670 N/A -983 134 -592 915 N/A -117 -55 359 796 -476 125 N/A 732 N/A 676 N/A 655 -27 N/A 330 741 85
500 -113 -641 N/A 506 799 N/A -728 -578 -739 -919 N/A 335 784 -987 -764 N/A -710 -313 384 -15 452 N/A -453 -102 267 -771 758 N/A -700 772 -497 N/A -628 731 342 463 N/A 138 -885 N/A 493 -894 623 -443 N/A -154 N/A -601 822 193 454 93 N/A 131 N/A 911 45 -903 N/A 486 -808 N/A -135 -967 N/A 645 858 N/A 34 -30 -83 N/A -502 657
277 N/A -943 -636 -233 642 549 153 397 -655 N/A 664 -672 591 N/A -6 N/A -850 -559 640 517 -381 -637 -595 N/A -115 -291 -708 492 N/A 396 N/A 864 -347 207 447 -60 67 N/A -821 N/A 965 -716 -284 -214 N/A 622 -876 N/A -264 -959 -235 N/A 63 N/A 920 N/A -252 -207 -792 -889 N/A 330 N/A -317 -628 765 N/A 136 N/A 858 -358
-888 N/A 667 168 981 -127 231 227 376 -143 N/A 604 N/A 194 -895 199 654 244 N/A -617 -798 N/A 955 -302 N/A -629 345 N/A 559 384 854 N/A 471
-495 N/A 858 -744 -341 N/A -332 N/A 181 -163 -441 -159 827 N/A 524 -249 -282 -281 -113 N/A -840 N/A 24 -630 781 -981 N/A 437 191 -226 35 N/A -561 -158
-905 27 N/A -574 -64 N/A 617 -132 N/A -924 N/A 383 -637 N/A -146 -306 N/A 632 -412 535 -224 147 510 520 N/A 963 N/A -314 -251 865 -226 -738 827 N/A 365 619 -400 N/A -398 19 N/A 143 N/A -984 N/A 917 305 735 939 575 224 -797 402 -21 849 -316 N/A -71 550 261 N/A -503 252 N/A -634 -636 N/A 733 -958
-643 -259 -300 -76 -546 N/A -217 949 480 -174 860 -856 224 -865 -779 36 N/A -517 -987 -359 302 -207 -448 231 644 -811 N/A 54 N/A 284 463 -837 N/A 405 82 -899 73 -889 484 N/A -746 N/A -195 N/A -263 N/A -599 297 N/A -982 N/A 797 N/A -157 N/A -947 -620 N/A 940 N/A -289 -277 N/A -42 -74
-38 N/A -676 -393 -509 N/A -128 130 -202 N/A 594 277 475 -468 N/A -256 N/A 178 -392 N/A 538 N/A 215 -138 N/A -436 N/A -207 N/A 214 N/A -10 N/A -336 668 893 N/A 271 -728 177 303 -77 -500 N/A 173 -392 -997 46 N/A -761 299 353 365 -419 -722 -188 -129 -383 155 580 385 311 N/A -582 -313 -467 -517
-41 N/A 79 N/A 314 N/A -149 957 -420 -328 N/A 368 286 972 717 N/A -12 -784 N/A 966 781 909 -864 -124 892 235 N/A 926 96 -301 878
-331 383 -238 N/A 403 -243 -518 -452 518 -213 -361 N/A -127 -624 946 N/A 842 N/A 204 N/A 193 -506 N/A -114 502 N/A 719 -36 N/A -203 N/A 999 -341 798 -842 677 -174 567
429 133 N/A 112 N/A 585 369 776 -578 N/A -914 N/A 743 169 N/A 948 N/A -839 842 -587 N/A -219 -340 266 326 399 -530 777 538 994 N/A 529 -161 576 670 842 579 N/A 982 586 N/A -167 -921 -774 -34 -254 N/A 1 391 N/A 270
-314 -945 -456 711 N/A -719 365 650 -647 -281 -978 N/A 901 N/A 488 435 -951 -245 N/A -974 -268 -963 877 742 N/A 29 693 N/A -133 N/A 876 N/A -125 -879 -114 204 N/A 470 -926 440 445 N/A -101 748 876 N/A 738 N/A 490 N/A 699 922
-128 72 89 493 N/A 268 N/A 875 N/A -447 N/A -628 N/A 607 -178 -765 -286 175 N/A 914 N/A 64 N/A 487 -496 614 N/A 647 15 507 901 -909 -922 -718 391 529 N/A 449 604 N/A 387 -884 -529 N/A -245 -972 -701 N/A -59 624 N/A -224 495 399 933 N/A -607 N/A -974 526 N/A 753 755 554 -29 682 50 -877 180 -687
357 503 -892 472 -483 363 745 N/A 413 N/A -937 607 N/A -702 N/A 821 N/A -23 23 -133 N/A 377 859 -323 N/A 738 -501 899 -32 729 N/A 704 593 -951 -534 N/A -306 678 682 196 N/A -43 -798 -547 128 84 N/A 845 N/A -561 -288 6 N/A -287 N/A 670 -409 N/A -897 N/A -557 700 855 630 -244 331 N/A 493
-492 N/A -320 192 -32 N/A 614 233 53 -777 248 -928 -906 14 -425 N/A -360 N/A 213 N/A -285 N/A 44 821 370 -839 -27 -83 239 782 N/A -488 -2 404 N/A -558 N/A 68 N/A -542 -854 -528
-203 N/A -472 542 N/A 745 -43 706 N/A 513 N/A 263 -146 185 -570 N/A -364 -898 -553 258 808 N/A 318 464 N/A -74 N/A -228 933 -391 442 591 N/A -412 -602 741
-786 537 N/A -198 -744 -489 N/A -884 N/A 538 -282 N/A -547 -298 750 -762 N/A 810 N/A -568 -879 -361 494 N/A 503 -167 194 551 -863 -949 -743 -429 702 N/A 898 -722 N/A -61 -128 N/A 592 -674 -607 932 283 -860 N/A 974 N/A 53 622
-486 738 -776 N/A -530 N/A -146 -908 N/A -65 -752 -97 810 45 N/A -334 -957 217 733 -171 N/A -294 -723 -755 N/A 401 N/A 475
752 290 N/A -890 -941 N/A 422 432 808 -127 N/A -86 -887 838 -638 -551 N/A -867 N/A -559 340 -569 N/A -261 -34 -350 N/A 707 N/A -370 -430 433 999 -162
933 -878 N/A -172 -987 565 N/A 28 -193 -913 15 -678 -928 -524 N/A 37 N/A 50 217 65 837 -945 N/A 353 N/A 651 N/A -206 152
-652 N/A 963 141 N/A -962 N/A -141 -195 566 -720 417 -634 N/A -358 50 636 998 -44 441 -85 758 441 N/A 735 -245 -740 -665 -606 N/A -372 -121 553 -762 -788 N/A 320 -487 -119 793 -377 -282 993 N/A -889 N/A 987 N/A 213 N/A -382 N/A 446 N/A -416 -622 726 N/A -477 40 250 N/A -722 821 -81 N/A 740 905 -673 N/A -333 N/A 771 -647